Assassin
1600,
3000,
5750,
12250,
24750,
50000,
99000,
200500,
300000,
400000,
600000,
750000,
1000000,
1500000

Cleric
1550,
2900,
6000,
13250,
27000,
55000,
110000,
220000,
450000,
675000,
900000,
1125000,
1350000,
1575000,
1800000,
2025000,
2250000,
2475000,
2700000,
2925000,
3150000,
3375000,
3600000

Druid
2000,
8000,
12000,
20000,
35000,
60000,
90000,
125000,
200000,
300000,
750000,
1500000

Fighter
1900,
4250,
7750,
16000,
35000,
75000,
125000,
250000,
500000,
750000

Illusionist
2500,
4750,
9000,
18000,
35000,
60250,
95000,
144500,
220000,
440000,
660000,
880000,
1100000,
1320000,
1540000,
1760000,
1980000,
2200000,
2420000,
2640000,
2860000,
3080000,
3300000

Magic-User
2400,
4800,
10250,
22000,
40000,
60000,
80000,
140000,
250000,
375000,
750000,
1125000,
1500000,
1875000,
2250000,
2625000,
3000000,
3375000,
3750000,
4125000,
4500000,
4875000,
5250000


Paladin
2550,
5500,
12500,
25000,
45000,
95000,
175000,
325000,
600000,
1000000,
1350000,
1700000,
2050000,
2400000,
2750000,
3100000,
3450000,
3800000,
4150000,
4500000,
4850000,
5200000,
5550000


Ranger
2250,
4500,
9500,
20000,
40000,
90000,
150000,
225000,
325000,
650000,
975000,
1300000,
1625000,
1950000,
2275000,
2600000,
2925000,
3250000,
3575000,
3900000,
4225000,
4550000,
4875000

Thief
1250,
2500,
5000,
10000,
20000,
40000,
70000,
110000,
160000,
220000,
440000
￼￼￼￼￼￼￼￼￼￼￼￼￼￼￼￼￼￼￼￼￼￼￼￼￼￼￼￼￼￼￼￼￼￼￼￼￼￼￼￼￼￼
